100
541852738 699622511
159439206 762947394
843365739 432307023
523263912 983806570
216558415 262589059
391924664 172049002
951758739 849425588
517340345 826253579
179027259 550445421
609005201 620874079
965072269 371973221
927979547 138845074
525206813 149435202
868586051 412371903
861183684 557699180
758589131 718438316
593512672 492120811
264319035 381998268
698021857 971270997
720439647 758116850
468483923 872218327
812475844 101587802
146045460 424611261
359216936 192182641
169809447 743702936
263614025 879144700
713050203 596308026
232879684 257514035
323063973 526852855
769725617 249804065
757847225 461035550
562027149 690337974
130351826 275645362
741255301 865063295
269128843 818204317
131661676 305828498
876802748 164480552
231393777 177670590
875946496 301956360
576226133 125893574
360438882 876977544
854805944 144056233
942230323 147595151
265139913 635087082
638299685 802082692
532933225 730039625
398664662 354928921
355232990 344150347
922490155 932521691
170220382 835891234
170667972 328204570
383493049 166570944
929674341 340914053
906221881 932514354
127717656 913290878
408399753 815928882
627691620 254461862
694485053 303530955
177585396 319222485
732082393 673215998
294786164 314413866
958838343 719368957
193523318 258123224
369075953 280929012
779064021 704659842
420457879 435371306
178104366 953839372
878909690 686672152
626443903 562290040
210285500 935880866
429355613 987999624
891429030 220511031
841757970 485432920
864545477 277113278
809961457 351181740
873098645 471262915
428752153 120508753
801601896 897367426
763482166 134669004
945693565 386515729
752775524 469039752
944551870 227173851
124465027 721382396
323446008 410690503
589526742 163854013
815856390 653897170
199635573 734192509
584066922 394284266
218378597 893716743
140410238 891973052
101493821 279078462
501531670 967328492
594183217 701803177
168557640 478767807
348099772 312896668
341259092 988856069
628085119 476957009
941980994 372680543
536081056 741428645
387276044 817498184
