100
496 669
75 739
827 375
475 982
138 188
331 89
946 834
469 808
96 505
569 582
961 309
920 52
477 64
855 353
847 513
734 690
552 441
190 320
667 968
692 733
415 859
793 11
60 367
295 111
86 718
189 867
684 555
156 183
255 479
746 174
733 407
518 659
43 203
715 851
196 800
44 236
864 80
154 95
863 232
533 38
296 864
840 58
936 62
191 598
602 782
486 703
338 290
290 278
914 925
87 819
87 261
321 83
922 275
896 925
40 904
349 797
590 179
663 233
95 251
705 640
224 245
954 691
112 183
305 209
756 675
362 378
95 949
866 655
589 518
131 929
372 986
880 142
825 433
851 204
790 286
860 418
371 32
781 887
739 48
940 325
728 415
939 149
36 693
255 351
548 80
797 619
119 707
542 333
140 883
54 881
11 206
451 964
553 671
85 426
282 244
275 987
590 424
936 309
489 715
326 799
