100
252 159
440 862
519 186
525 567
58 861
631 135
713 353
77 593
968 826
251 883
345 548
183 107
177 609
274 714
454 833
831 429
325 941
502 695
744 116
680 721
929 51
486 330
654 468
420 439
515 587
180 454
375 457
227 240
527 69
900 793
389 761
975 711
203 345
170 911
905 788
270 990
556 54
505 400
795 133
889 951
820 504
319 403
638 548
386 254
59 30
768 785
324 975
642 613
989 33
435 945
73 191
945 162
915 591
916 549
131 784
100 938
221 33
910 605
319 483
605 692
662 545
666 125
274 540
764 535
825 737
631 615
103 662
787 718
398 862
819 668
252 104
796 769
803 706
724 77
860 408
269 858
91 72
208 565
85 480
216 758
203 82
622 330
797 633
216 998
933 927
222 83
442 796
502 296
364 494
671 787
919 229
681 60
974 860
989 532
853 625
800 740
856 662
983 726
105 381
85 664
